Constants:
  E0: 8.8541878176e-12
  G: 6.67259e-11
  R: 8.31447215
  Temp: 290.0
  c: 299792458.0
  g: 9.81
  h: 6.626071295762991e-34
  hbar: 1.054572e-34
  kB: 1.380658e-23
  yr: 31556926.080000002
Laser:
  Power: 125.0
  Wavelength: 2128.2e-9
Materials:
  Coating:
    Alphahighn: 1.0e-09
    Alphalown: 3.3e-06
    Betahighn: 0.00014
    Betalown: 8.5e-06
    CVhighn: 427.99941000000007
    CVlown: 186.0867
    Indexhighn: 3.5
    Indexlown: 1.8
    Phihighn: 1.0e-05
    Philown: 0.0001
    Sigmahighn: 0.22
    Sigmalown: 0.25
    ThermalDiffusivityhighn: 1.03
    ThermalDiffusivitylown: 2.0
    Yhighn: 60000000000.0
    Ylown: 140000000000.0
  MassRadius: 0.215
  MassThickness: 0.55
  Substrate:
    Alphas: 5.2e-12
    MassAlpha: 1.0e-09
    MassCM: 300.0
    MassDensity: 2329.0
    MassKappa: 700.0
    MechanicalLossExponent: 1.0
    MirrorSigma: 0.27
    MirrorY: 155800000000.0
    RefractiveIndex: 3.5
    Temp: 123.0
    c2: 3.0e-13
Optics:
  Curvature:
    ETM: 2192.0
    ITM: 1970.0
  ETM:
    BeamRadius: 0.084
    Coating:
      Alphahighn: 1.0e-09
      Alphalown: 3.3e-06
      Betahighn: 0.00014
      Betalown: 8.5e-06
      CVhighn: 427.99941000000007
      CVlown: 186.0867
      Indexhighn: 3.5
      Indexlown: 1.8
      Phihighn: 1.0e-05
      Philown: 0.0001
      Sigmahighn: 0.22
      Sigmalown: 0.25
      ThermalDiffusivityhighn: 1.03
      ThermalDiffusivitylown: 2.0
      Yhighn: 60000000000.0
      Ylown: 140000000000.0
    CoatingThicknessCap: 0.5
    CoatingThicknessLown: 0.27
    MassRadius: 0.215
    MassThickness: 0.55
    Substrate:
      Alphas: 5.2e-12
      MassAlpha: 1.0e-09
      MassCM: 300.0
      MassDensity: 2329.0
      MassKappa: 700.0
      MechanicalLossExponent: 1.0
      MirrorSigma: 0.27
      MirrorY: 155800000000.0
      RefractiveIndex: 3.5
      Temp: 123.0
      c2: 3.0e-13
  ITM:
    BeamRadius: 0.059
    CoatingThicknessCap: 0.5
    CoatingThicknessLown: 0.308
  SubstrateAbsorption: 5.0e-05
