Constants:
  E0: 8.8541878176e-12
  G: 6.67259e-11
  R: 8.31447215
  Temp: 290.0
  c: 299792458
  g: 9.807
  h: 6.626071295762991e-34
  hbar: 1.054572e-34
  kB: 1.380658e-23
  yr: 31556926.080000002
Laser:
  Power: 125.0
  Wavelength: 2050.15e-9
Materials:
  Coating:
    Name_high: 'a-Si'
    Name_low: "SiN"
    Alphahighn: 1.0e-09
    Alphalown: 2.6e-06
    Betahighn: 0.00014
    Betalown: 4e-05
    CVhighn: 372
    CVlown: 230
    Indexhighn: 3.65
    Indexlown: 2.17
    Phihighn: 2.0e-05
    Philown: 0.1e-04
    Sigmahighn: 0.23
    Sigmalown: 0.25
    ThermalDiffusivityhighn: 1.03
    ThermalDiffusivitylown: 0.27
    Yhighn: 147000000000
    Ylown: 270000000000
  MassRadius: 0.215
  MassThickness: 0.55
  Substrate:
    Alphas: 5.2e-12
    MassAlpha: 1.0e-09
    MassCM: 300.0
    MassDensity: 2329.0
    MassKappa: 700.0
    MechanicalLossExponent: 1.0
    MirrorSigma: 0.27
    MirrorY: 155800000000.0
    RefractiveIndex: 3.39
    Temp: 123.0
    c2: 3.0e-13
Optics:
  Curvature:
    ETM: 2192.0
    ITM: 1970.0
  ETM:
    BeamRadius: 0.06 #0.084
    Coating:
      Alphahighn: 1.0e-09
      Alphalown: 2.6e-06
      Betahighn: 0.00014
      Betalown: 4e-05
      CVhighn: 372
      CVlown: 230
      Indexhighn: 3.65
      Indexlown: 2.17
      Phihighn: 2.0e-05
      Philown: 0.1e-04
      Sigmahighn: 0.23
      Sigmalown: 0.25
      ThermalDiffusivityhighn: 1.03
      ThermalDiffusivitylown: 0.27
      Yhighn: 147000000000
      Ylown: 270000000000
    CoatingThicknessCap: 0.5
    CoatingThicknessLown: 0.27
    MassRadius: 0.215
    MassThickness: 0.55
    Substrate:
      Alphas: 5.2e-12
      MassAlpha: 1.0e-09
      MassCM: 300.0
      MassDensity: 2329.0
      MassKappa: 700.0
      MechanicalLossExponent: 1.0
      MirrorSigma: 0.27
      MirrorY: 155800000000.0
      RefractiveIndex: 3.5
      Temp: 123.0
      c2: 3.0e-13
  ITM:
    BeamRadius: 0.059
    CoatingThicknessCap: 0.5
    CoatingThicknessLown: 0.308
  SubstrateAbsorption: 5.0e-05
